
function [time, totalTime] = timeToPrint()
time(1)=28880;
time(2)=315360;
time(3)=630720;
time(4)=946080;
time(5)=1261440;
time(6)=1576800;
time(7)=3153600;
time(8)=4730400;
time(9)=6307200;
time(10)=7884000;
time(11)=9460800;
time(12)=11037600;
time(13)=12614400;
time(14)=14191200;
time(15)=15768000;
time(16)=17344800;
time(17)=18921600;
time(18)=20498400;
time(19)=22075200;
time(20)=23652000;
time(21)=25228800;
time(22)=26805600;
time(23)=28382400;
time(24)=29959200;
time(25)=31536000;
time(26)=63072000;
time(27)=94608000;
time(28)=126144000;
time(29)=157680000;
time(30)=189216000;
time(31)=220752000;
time(32)=252288000;
time(33)=283824000;
time(34)=315360000;
time(35)=346896000;
time(36)=378432000;
time(37)=409968000;
time(38)=441504000;
time(39)=473040000;
time(40)=504576000;
time(41)=536112000;
time(42)=567648000;
time(43)=599184000;
time(44)=630720000;
time(45)=662256000;
time(46)=693792000;
time(47)=725328000;
time(48)=756864000;
time(49)=788400000;
time(50)=819936000;
time(51)=851472000;
time(52)=883008000;
time(53)=914544000;
time(54)=946080000;
time(55)=977616000;
time(56)=1009152000;
time(57)=1040688000;
time(58)=1072224000;
time(59)=1103760000;
time(60)=1135296000;
time(61)=1166832000;
time(62)=1198368000;
time(63)=1229904000;
time(64)=1261440000;
time(65)=1292976000;
time(66)=1324512000;
time(67)=1356048000;
time(68)=1387584000;
time(69)=1419120000;
time(70)=1450656000;
time(71)=1482192000;
time(72)=1513728000;
time(73)=1545264000;
time(74)=1576800000;
time(75)=1608336000;
time(76)=1639872000;
time(77)=1671408000;
time(78)=1702944000;
time(79)=1734480000;
time(80)=1766016000;
time(81)=1797552000;
time(82)=1829088000;
time(83)=1860624000;
time(84)=1892160000;
time(85)=1923696000;
time(86)=1955232000;
time(87)=1986768000;
time(88)=2018304000;
time(89)=2049840000;
time(90)=2081376000;
time(91)=2112912000;
time(92)=2144448000;
time(93)=2175984000;
time(94)=2207520000;
time(95)=2239056000;
time(96)=2270592000;
time(97)=2302128000;
time(98)=2333664000;
time(99)=2365200000;
time(100)=2396736000;
time(101)=2428272000;
time(102)=2459808000;
time(103)=2491344000;
time(104)=2522880000;
time(105)=2554416000;
time(106)=2585952000;
time(107)=2617488000;
time(108)=2649024000;
time(109)=2680560000;
time(110)=2712096000;
time(111)=2743632000;
time(112)=2775168000;
time(113)=2806704000;
time(114)=2838240000;
time(115)=2869776000;
time(116)=2901312000;
time(117)=2932848000;
time(118)=2964384000;
time(119)=2995920000;
time(120)=3027456000;
time(121)=3058992000;
time(122)=3090528000;
time(123)=3122064000;
time(124)=3153600000;
time(125)=3468960000;
time(126)=3784320000;
time(127)=4099680000;
time(128)=4415040000;
time(129)=4730400000;
time(130)=5045760000;
time(131)=5361120000;
time(132)=5676480000;
time(133)=5991840000;
time(134)=6307200000;
time(135)=6622560000;
time(136)=6937920000;
time(137)=7253280000;
time(138)=7568640000;
time(139)=7884000000;
time(140)=9460800000;
time(141)=11037600000;
time(142)=12614400000;
time(143)=14191200000;
time(144)=15768000000;
time(145)=18921600000;
time(146)=22075200000;
time(147)=25228800000;
time(148)=28382400000;
time(149)=31536000000;
time(150)=34689600000;
time(151)=37843200000;
time(152)=40996800000;
time(153)=44150400000;
time(154)=47304000000;
time(155)=50457600000;
time(156)=53611200000;
time(157)=56764800000;
time(158)=59918400000;
time(159)=63072000000;
time(160)=66225600000;
time(161)=69379200000;
time(162)=72532800000;
time(163)=75686400000;
time(164)=78840000000;
time(165)=81993600000;
time(166)=85147200000;
time(167)=88300800000;
time(168)=91454400000;
time(169)=94608000000;
time(170)=97761600000;
time(171)=100915200000;
time(172)=104068800000;
time(173)=107222400000;
time(174)=110376000000;
time(175)=113529600000;
time(176)=116683200000;
time(177)=119836800000;
time(178)=122990400000;
time(179)=126144000000;	
totalTime = time(179);
end
